26
4
12
39
26
13
43
23
44
52
33
2
33
41
46
40
42
40
34
25
52
62
33
4
47
22
19
41
6
39
14
29
49
45
29
42
21
19
16
40
22
38
14
3
7
42
4
31
3
18
1
16
5
18
10
42
6
43
3
54
16
32
36
4
17
7
58
23
9
21
3
45
51
12
9
56
41
35
10
31
35
44
43
10
34
23
26
45
30
49
32
45
37
5
49
25
50
28
27
35
24
25
44
48
19
14
51
9
35
11
23
53
7
10
40
4
47
37
38
4
22
13
20
29
56
46
48
19
36
40
4
41
21
33
39
12
5
52
21
26
34
38
13
66
32
14
40
22
44
28
11
6
6
54
54
33
8
34
9
52
37
13
13
23
52
29
51
17
36
19
52
14
24
12
34
23
9
12
37
7
34
12
16
21
48
43
30
50
39
28
12
20
18
14
8
36
17
12
3
40
51
14
0
34
39
27
8
48
13
53
47
14
9
33
27
10
18
25
56
11
41
4
5
54
43
42
38
62
36
56
44
5
25
34
17
57
44
37
45
33
14
24
9
36
55
14
13
22
29
5
48
43
6
40
42
1
32
8
7
22
54
53
40
22
41
39
12
51
45
16
24
20
6
39
9
10
6
49
26
47
58
13
22
25
11
21
17
38
37
28
22
19
40
19
49
41
14
8
9
48
1
1
44
29
5
9
16
45
44
7
49
21
4
48
14
59
19
3
49
34
41
39
18
26
37
31
14
54
30
25
46
5
50
47
19
16
48
11
39
5
10
35
32
40
40
47
6
2
