36
22
83
59
45
59
70
23
24
67
33
36
50
65
72
59
23
73
32
49
69
63
70
68
68
29
52
25
30
67
58
72
49
42
38
63
59
26
31
36
63
28
25
44
52
41
35
34
33
65
65
44
34
24
53
35
60
48
63
28
38
53
25
20
66
28
64
20
61
32
79
54
70
28
44
21
69
55
76
60
80
61
48
54
55
27
72
64
55
41
73
78
60
31
31
33
60
49
41
30
46
58
62
73
37
30
60
64
61
67
30
70
49
28
41
67
24
48
23
45
58
59
58
22
57
42
26
45
70
53
40
70
78
66
42
59
54
24
66
73
41
31
29
72
34
31
47
46
63
42
63
60
25
72
28
34
38
54
44
38
73
69
66
44
27
41
29
53
45
69
54
64
57
53
53
68
44
55
55
52
34
62
25
60
28
62
62
60
65
25
26
70
27
59
23
20
29
37
53
35
58
59
49
22
60
55
74
23
50
43
31
60
61
25
55
46
75
38
29
36
55
62
56
44
66
54
41
37
26
37
29
57
83
38
36
41
42
39
61
59
31
40
63
46
46
35
27
68
66
60
24
31
62
28
58
23
33
54
31
24
67
50
74
33
71
59
57
32
30
71
41
39
58
54
48
65
22
39
21
20
32
58
48
33
41
51
44
35
53
67
29
49
62
68
33
43
41
40
45
57
61
82
51
52
72
33
69
46
50
45
55
60
43
34
43
43
72
27
45
66
59
65
54
67
33
35
58
24
63
49
29
30
53
67
73
23
63
25
55
68
44
30
25
70
25
24
69
37
43
69
29
25
34
41
41
57
64
33
81
62
37
67
59
28
56
40
63
63
58
78
25
64
65
53
24
25
24
72
65
26
28
62
33
25
66
60
35
60
52
26
73
37
72
20
53
63
63
29
60
29
46
41
69
41
59
64
67
23
58
24
78
52
32
28
30
60
30
62
51
36
42
58
74
41
36
61
54
62
41
62
56
38
70
37
28
75
20
50
32
72
51
34
50
67
75
39
37
75
24
55
51
63
61
56
46
68
60
59
47
29
67
19
48
47
72
45
24
52
44
55
75
35
63
21
38
70
63
61
46
57
39
69
80
30
38
58
73
29
33
41
